4
24
25
30
32
35
41
43
44
54
55
62
63
64
65
74
75
76
81
84
86
94
105
114
124
125
126
131
134
135
145
146
154
156
164
166
174
175
180
184
185
186
194
204
210
216
224
226
232
233
241
243
245
246
255
264
281
291
292
294
304
306
312
322
324
326
330
331
336
340
345
346
350
352
356
364
365
366
371
374
375
376
383
385
386
394
395
396
403
404
405
406
414
415
424
425
426
432
434
436
440
441
454
455
456
461
464
465
472
474
475
476
486
493
502
504
506
514
515
516
520
523
525
526
533
536
546
554
555
556
564
565
574
580
582
584
585
592
594
604
605
606
612
613
614
615
616
624
626
631
636
645
646
652
655
665
674
675
676
686
693
696
704
705
706
714
721
724
725
726
734
736
744
745
746
754
756
765
766
773
774
775
776
781
784
786
793
794
795
796
803
805
806
811
816
823
824
826
832
834
836
841
844
846
856
860
862
864
865
866
871
874
884
886
891
894
896
903
904
905
906
914
920
921
925
926
934
946
950
954
955
956
961
964
965
966
971
976
980
982
984
986
995
1005
1006
1011
1015
1016
1020
1024
1025
1026
1034
1035
1036
1041
1044
1045
1055
1056
1064
1075
1076
1084
1085
1086
1091
1105
1106
1114
1115
1116
1124
1126
1135
1136
1144
1146
1155
1156
1164
1166
1171
1174
1175
1184
1185
1190
1194
1195
1196
1204
1211
1216
1226
1236
1254
1256
1265
1266
1275
1276
1284
1304
1305
1306
1310
1312
1314
1315
1320
1324
1335
1336
1345
1346
1355
1356
1361
1362
1364
1366
1376
1384
1385
1393
1394
1395
1396
1403
1404
1406
1412
1416
1424
1425
1426
1434
1435
1444
1445
1446
1454
1455
1456
1465
1474
1475
1476
1484
1485
1486
1504
1505
1506
1512
1514
1515
1516
1521
1524
1526
1534
1536
1554
1556
1564
1565
1574
1584
1585
1590
1594
1595
1596
1603
1604
1606
1614
1616
1625
1631
1634
1645
1656
1662
1664
1666
1674
1675
1685
1686
1691
1694
1696
1704
1713
1714
1715
1716
1724
1725
1726
1736
1744
1754
1755
1756
1764
1774
1775
1776
1784
1785
1794
1795
1796
1804
1805
1806
1810
1816
1825
1836
1844
1845
1846
1854
1855
1856
1871
1874
1875
1876
1884
1895
1904
1906
1910
1914
1915
1916
1924
1925
1926
1932
1935
1936
1943
1954
1964
1965
1966
1974
1976
1985
1986
1990
1994
1995
2006
2014
2015
2016
2026
2031
2034
2036
2044
2046
2054
2055
2056
2066
2084
2085
2086
2095
2096
2105
2114
2121
2125
2134
2136
2144
2145
2154
2155
2156
2164
2165
2166
2174
2175
2176
2182
2186
2191
2194
2195
2206
2214
2220
2226
2244
2245
2254
2264
2266
2276
2283
2284
2285
2286
2294
2295
2296
2304
2306
2314
2316
2324
2325
2326
2334
2335
2341
2343
2344
2354
2356
2364
2365
2366
2376
2384
2386
2394
2395
2396
2405
2406
2414
2415
2422
2424
2425
2426
2435
2436
2444
2446
2454
2455
2456
2466
2474
2475
2476
2485
2486
2494
2496
2506
2514
2516
2524
2525
2526
2535
2544
2545
2546
2554
2555
2556
2564
2565
2566
2574
2576
2584
2585
2586
2594
2595
2604
2606
2614
2615
2616
2626
2635
2636
2644
2645
2654
2655
2665
2666
2674
2684
2686
2694
2695
2704
2705
2706
2715
2716
2724
2725
2726
2734
2744
2745
2746
2754
2755
2765
2770
2774
2775
2776
2785
2786
2796
2814
2815
2816
2824
2834
2835
2836
2844
2854
2855
2856
2864
2876
2884
2885
2886
2895
2896
2903
2905
2906
2914
2915
2924
2934
2944
2945
2954
2956
2964
2965
2973
2974
2975
2984
2985
2986
2994
2995
2996
3004
3005
3014
3015
3016
3025
3026
3034
3035
3044
3045
3046
3054
3055
3064
3065
3066
3074
3076
3084
3085
3094
3105
3106
3115
3125
3135
3144
3145
3146
3154
3156
3165
3166
3174
3176
3184
3186
3194
3196
3205
3206
3214
3215
3216
3225
3226
3235
3236
3244
3245
3246
3254
3256
3264
3265
3266
3275
3276
3286
3294
3295
3296
3304
3305
3306
3316
3324
3326
3334
3335
3336
3345
3346
3354
3364
3365
3374
3375
3376
3394
3405
3406
3414
3416
3424
3436
3445
3446
3455
3456
3464
3465
3466
3474
3484
3485
3495
3496
3504
3506
3514
3515
3516
3525
3536
3545
3546
3553
3555
3556
3564
3565
3566
3574
3576
3585
3586
3595
3604
3614
3616
3625
3626
3634
3635
3636
3644
3646
3654
3655
3656
3664
3666
3674
3676
3684
3685
3696
3704
3705
3706
3715
3716
3724
3725
3726
3734
3744
3745
3746
3756
3764
3774
3776
3784
3785
3786
3794
3795
3796
3805
3806
3814
3815
3824
3825
3826
3835
3844
3845
3854
3855
3856
3864
3866
3874
3875
3876
3886
3896
3904
3905
3906
3914
3915
3924
3925
3926
3934
3936
3944
3945
3946
3955
3956
3964
3965
3966
3974
3975
3976
3995
3996
4004
4006
4016
4024
4026
4034
4044
4045
4046
4054
4055
4056
4066
4074
4076
4084
4085
4094
4096
4104
4105
4106
4114
4115
4116
4124
4125
4126
4134
4135
4136
4144
4154
4156
4164
4175
4184
4185
4195
4196
4204
4205
4206
4216
4225
4234
4235
4236
4244
4245
4246
4254
4255
4256
4264
4265
4266
4284
4286
4304
4305
4306
4314
4315
4335
4336
4345
4346
4355
4356
4364
4365
4374
4376
4384
4385
4386
4394
4395
4404
4405
4406
4414
4425
4434
4436
4445
4454
4455
4464
4465
4476
4484
4485
4486
4494
4496
4506
4514
4516
4524
4525
4534
4535
4536
4544
4546
4554
4564
4565
4574
4575
4576
4584
4585
4586
4595
4596
4605
4616
4624
4625
4626
4634
4635
4644
4645
4646
4654
4655
4656
4675
4676
4684
4685
4695
4696
4704
4714
4715
4724
4725
4726
4736
4746
4754
4755
4756
4765
4774
4776
4785
4795
4804
4805
4806
4814
4815
4816
4825
4826
4834
4835
4844
4845
4854
4855
4864
4865
4866
4875
4884
4894
4895
4896
4904
4905
4914
4915
4916
4924
4925
4926
4935
4936
4945
4954
4956
4966
4974
4976
4984
4985
4986
4995
5004
5006
5014
5015
5016
5024
5034
5035
5045
5054
5055
5056
5064
5065
5066
5074
5075
5085
5094
5095
5096
5105
5106
5114
5124
5126
5135
5144
5145
5146
5154
5164
5166
5174
5175
5176
5184
5185
5186
5194
5204
5206
5214
5215
5224
5225
5234
5235
5236
5244
5245
5246
5254
5255
5256
5266
5284
5285
5286
5294
5295
5296
5315
5324
5325
5326
5336
5344
5354
5355
5364
5365
5376
5385
5394
5395
5396
5404
5405
5406
5434
5435
5436
5444
5445
5446
5454
5464
5465
5466
5474
5476
5484
5486
5494
5495
5504
5505
5506
5515
5516
5524
5525
5526
5535
5536
5545
5546
5554
5564
5565
5566
5574
5575
5576
5585
5586
5594
5595
5604
5606
5615
5624
5625
5635
5636
5644
5645
5654
5665
5676
5685
5686
5695
5696
5704
5705
5714
5715
5724
5725
5726
5736
5744
5745
5746
5756
5765
5774
5775
5776
5784
5785
5786
5795
5796
5804
5805
5806
5816
5824
5825
5826
5834
5835
5836
5844
5845
5846
5855
5865
5885
5886
5894
5896
5906
5914
5916
5924
5935
5944
5954
5955
5956
5964
5974
5975
5976
5985
5986
5994
6004
6005
6006
6014
6016
6025
6026
6034
6035
6036
6046
6054
6055
6064
6065
6066
6075
6076
6095
6104
6105
6114
6115
6124
6125
6134
6135
6145
6146
6154
6155
6156
6164
6176
6195
6196
6204
6205
6206
6215
6216
6224
6225
6226
6234
6235
6236
6245
6246
6255
6256
6264
6274
6284
6286
6304
6305
6306
6314
6316
6324
6325
6326
6334
6335
6345
6355
6356
6364
6365
6366
6374
6375
6376
6384
6394
6395
6396
6404
6405
6406
6414
6415
6416
6426
6434
6436
6446
6454
6455
6464
6465
6476
6484
6485
6495
6504
6505
6506
6514
6515
6516
6524
6525
6526
6535
6536
6544
6554
6555
6565
6574
6576
6585
6586
6594
6595
6596
6604
6606
6615
6616
6624
6625
6626
6634
6635
6636
6644
6645
6655
6656
6664
6665
6666
6676
6685
6686
6695
6696
6706
6715
6716
6725
6726
6734
6735
6736
6744
6745
6746
6756
6764
6765
6766
6775
6776
6784
6785
6805
6806
6814
6815
6824
6825
6826
6834
6835
6836
6844
6845
6846
6854
6855
6856
6866
6874
6875
6876
6885
6886
6894
6895
6896
6904
6905
6906
6914
6915
6916
6924
6925
6926
6934
6935
6936
6944
6945
6946
6954
6964
6966
6974
6976
6984
6985
6995
6996
7004
7006
7015
7016
7026
7034
7035
7036
7044
7046
7054
7055
7064
7066
7074
7076
7084
7085
7086
7094
7096
7104
7105
7106
7114
7115
7125
7126
7134
7135
7136
7144
7145
7146
7154
7155
7156
7164
7165
7166
7174
7175
7176
7185
7186
7194
7195
7196
7204
7205
7206
7214
7215
7216
7224
7225
7226
7235
7236
7244
7245
7255
7256
7265
7266
7275
7276
7284
7285
7286
7294
7295
7296
7305
7314
7315
7316
7324
7325
7326
7335
7336
7344
7345
7346
7354
7356
7364
7365
7366
7375
7384
7394
7395
7396
7404
7405
7406
7415
7416
7424
7425
7435
7445
7446
7465
7474
7476
7484
7485
7486
7504
7505
7514
7516
7526
7535
7536
7544
7545
7546
7554
7555
7564
7565
7574
7575
7576
7584
7586
7595
7596
7604
7605
7614
7615
7616
7625
7626
7634
7635
7636
7644
7645
7646
7654
7655
7664
7665
7675
7676
7684
7686
7694
7696
7704
7706
7715
7716
7724
7725
7734
7735
7736
7744
7746
7754
7755
7756
7766
7774
7784
7785
7786
7794
7795
7796
7804
7805
7806
7814
7816
7824
7826
7835
7836
7844
7846
7856
7864
7865
7874
7875
7876
7884
7885
7896
7904
7906
7914
7915
7916
7924
7925
7926
7935
7936
7946
7954
7955
7956
7964
7965
7966
7974
7975
7985
7986
7994
7995
8005
8006
8014
8016
8025
8026
8034
8035
8036
8045
8046
8054
8055
8065
8074
8075
8076
8086
8094
8095
8096
8104
8105
8106
8114
8116
8124
8125
8126
8134
8135
8136
8144
8145
8146
8154
8155
8156
8164
8165
8175
8176
8184
8186
8194
8195
8196
8204
8205
8214
8215
8216
8224
8225
8234
8235
8236
8244
8245
8246
8254
8255
8256
8265
8266
8275
8276
8284
8286
8295
8296
8304
8315
8316
8324
8325
8326
8335
8344
8345
8354
8356
8364
8365
8366
8374
8375
8376
8384
8385
8386
8394
8395
8396
8404
8405
8406
8415
8416
8424
8426
8434
8435
8436
8445
8454
8455
8456
8464
8465
8466
8475
8476
8494
8495
8496
8504
8505
8506
8514
8515
8516
8524
8525
8526
8534
8535
8536
8544
8545
8546
8555
8556
8574
8575
8576
8585
8586
8594
8596
8605
8606
8614
8615
8616
8624
8625
8626
8634
8635
8636
8644
8645
8646
8656
8664
8665
8666
8674
8675
8676
8684
8685
8686
8694
8695
8704
8705
8706
8714
8715
8716
8724
8725
8735
8736
8745
8754
8756
8764
8765
8774
8776
8784
8785
8786
8794
8796
8804
8806
8824
8826
8834
8835
8836
8844
8845
8854
8855
8856
8864
8865
8866
8874
8875
8876
8884
8886
8894
8895
8896
8904
8905
8914
8915
8916
8924
8925
8926
8934
8935
8936
8944
8945
8946
8954
8955
8956
8964
8966
8975
8976
8984
8994
8995
9005
9006
9014
9015
9016
9024
9025
9026
9045
9046
9054
9055
9056
9064
9065
9066
9075
9076
9084
9085
9086
9095
9106
9114
9115
9116
9124
9125
9126
9134
9135
9136
9144
9146
9156
9164
9165
9166
9174
9175
9184
9185
9194
9195
9196
9204
9205
9215
9216
9224
9225
9226
9234
9235
9236
9244
9245
9246
9254
9255
9256
9264
9265
9266
9274
9275
9276
9284
9285
9286
9294
9296
9304
9305
9306
9314
9316
9324
9325
9326
9335
9345
9346
9354
9355
9356
9364
9366
9374
9375
9384
9386
9394
9395
9396
9404
9405
9406
9414
9416
9424
9425
9426
9434
9435
9436
9445
9446
9454
9455
9456
9464
9465
9466
9474
9475
9476
9484
9485
9494
9495
9496
9504
9506
9514
9515
9516
9524
9526
9534
9536
9544
9545
9546
9554
9556
9565
9566
9574
9575
9576
9585
9594
9595
9604
9605
9606
9614
9615
9624
9625
9626
9635
9636
9645
9646
9654
9655
9656
9664
9665
9666
9674
9675
9684
9685
9694
9695
9696
9704
9706
9714
9716
9725
9726
9735
9744
9745
9746
9754
9755
9756
9764
9766
9775
9776
9784
9785
9786
9796
9805
9806
9814
9815
9816
9824
9825
9834
9835
9836
9844
9845
9846
9854
9856
9864
9865
9866
9874
9875
9876
9884
9885
9886
9894
9895
9896
9905
9906
9915
9916
9924
9925
9926
9934
9935
9936
9944
9945
9946
9954
9955
9956
9964
9965
9974
9976
9984
9986
9994
9995
10004
10005
10006
10014
10015
10016
10026
10035
10036
10044
10045
10046
10054
10055
10056
10064
10065
10066
10074
10075
10076
10085
10086
10094
10095
10096
10105
10106
10114
10115
10124
10125
10126
10135
10136
10144
10146
10156
10164
10165
10166
10174
10175
10176
10184
10185
10186
10194
10195
10196
10204
10206
10215
10216
10225
10226
10234
10235
10236
10245
10246
10254
10256
10264
10265
10266
10274
10275
10276
10284
10285
10294
10295
10304
10314
10315
10316
10324
10325
10326
10334
10336
10344
10345
10354
10355
10356
10364
10365
10366
10374
10375
10376
10384
10385
10386
10394
10395
10396
10404
10405
10406
10414
10415
10416
10424
10426
10435
10436
10444
10445
10446
10454
10456
10464
10465
10466
10476
10484
10486
10494
10495
10496
10504
10505
10514
10515
10516
10525
10526
10534
10535
10536
10544
10545
10546
10554
10555
10556
10565
10576
10584
10585
10586
10594
10595
10596
10604
10605
10606
10614
10615
10624
10625
10626
10634
10645
10646
10654
10655
10664
10665
10666
10674
10675
10676
10684
10685
10686
10694
10695
10696
10704
10705
10714
10715
10716
10724
10725
10726
10735
10736
10745
10746
10754
10755
10764
10766
10774
10775
10776
10784
10785
10786
10794
10795
10796
10804
10805
10814
10824
10825
10826
10834
10835
10836
10844
10846
10855
10856
10864
10865
10866
10874
10875
10884
10885
10886
10894
10895
10896
10904
10905
10906
10914
10915
10916
10924
10925
10926
10935
10936
10944
10945
10946
10954
10955
10956
10964
10966
10975
10984
10985
10986
10994
10995
10996
11004
11006
11014
11015
11016
11024
11026
11034
11035
11036
11044
11045
11046
11054
11055
11056
11064
11065
11066
11074
11075
11076
11084
11085
11086
11094
11095
11096
11105
11106
11114
11115
11116
11124
11125
11126
11134
11135
11136
11144
11145
11146
11154
11155
11156
11164
11165
11166
11174
11176
11184
11186
11194
11195
11196
11204
11205
11206
11215
11216
11224
11225
11234
11236
11244
11245
11246
11254
11255
11256
11264
11265
11274
11275
11276
11284
11285
11286
11294
11295
11296
11304
11305
11314
11315
11316
11324
11325
11326
11335
11336
11344
11345
11346
11354
11355
11356
11364
11365
11374
11375
11384
11386
11394
11395
11396
11404
11405
11406
11414
11415
11416
11424
11425
11426
11434
11435
11436
11444
11445
11446
11454
11455
11456
11464
11465
11466
11474
11475
11476
11484
11486
11494
11495
11504
11505
11506
11514
11515
11516
11525
11526
11534
11535
11536
11544
11554
11556
11564
11565
11566
11574
11575
11576
11584
11585
11595
11596
11604
11605
11606
11614
11615
11616
11624
11626
11634
11635
11636
11644
11645
11646
11655
11656
11664
11665
11666
11674
11675
11676
11684
11685
11694
11695
11696
11704
11706
11714
11715
11716
11725
11726
11734
11735
11736
11744
11745
11746
11755
11756
11764
11765
11766
11774
11775
11776
11784
11785
11786
11794
11795
11796
11804
11805
11806
11815
11816
11824
11825
11826
11834
11835
11836
11844
11846
11854
11856
11864
11865
11866
11874
11875
11876
11885
11886
11894
11895
11896
11904
11905
11906
11914
11915
11916
11924
11925
11926
11934
11935
11936
11944
11946
11954
11955
11956
11964
11965
11966
11974
11984
11985
11994
11996
12004
12005
12006
12014
12015
12024
12025
12026
12034
12035
12036
12045
12046
12054
12056
12064
12074
12075
12076
12084
12085
12086
12094
12105
12106
12114
12115
12116
12124
12126
12134
12135
12144
12145
12146
12154
12155
12156
12164
12165
12166
12174
12176
12185
12186
12194
12196
12204
12205
12206
12214
12215
12216
12224
12225
12226
12235
12244
12245
12246
12254
12255
12256
12264
12265
12266
12274
12275
12276
12284
12286
12295
12304
12305
12306
12314
12324
12325
12326
12334
12335
12336
12344
12346
12354
12355
12356
12364
12365
12366
12374
12375
12376
12386
12395
12396
12404
12406
12414
12415
12416
12424
12425
12426
12434
12435
12436
12444
12445
12455
12456
12464
12465
12466
12474
12476
12484
12485
12486
12494
12495
12496
12505
12506
12516
12524
12525
12526
12535
12536
12544
12545
12546
12554
12555
12556
12565
12566
12574
12575
12576
12584
12586
12595
12596
12604
12605
12606
12614
12615
12616
12624
12625
12626
12634
12635
12645
12646
12654
12655
12656
12666
12674
12675
12684
12685
12694
12695
12696
12704
12705
12706
12714
12715
12716
12724
12725
12726
12735
12736
12744
12745
12746
12754
12755
12756
12764
12765
12766
12774
12775
12776
12784
12785
12786
12794
12795
12796
12804
12805
12806
12814
12815
12816
12824
12825
12826
12834
12835
12836
12844
12845
12846
12854
12855
12856
12864
12865
12866
12874
12876
12884
12885
12886
12894
12895
12896
12904
12905
12906
12914
12915
12916
12924
12925
12926
12934
12935
12936
12944
12945
12946
12954
12955
12956
12964
12965
12966
12974
12975
12976
12984
12985
12994
12995
12996
13004
13005
13006
13015
13016
13024
13025
13034
13036
13044
13045
13046
13054
13055
13056
13064
13065
13066
13074
13075
13076
13084
13085
13086
13094
13095
13096
13104
13105
13106
13114
13115
13116
13124
13125
13126
13134
13135
13136
13144
13145
13146
13154
13156
13165
13166
13174
13176
13185
13186
13204
13205
13214
13215
13216
13224
13225
13226
13234
13235
13244
13245
13246
13256
13264
13266
13274
13275
13276
13284
13285
13286
13294
13295
13296
13304
13305
13306
13314
13315
13316
13324
13325
13326
13334
13335
13336
13344
13345
13346
13354
13355
13356
13364
13365
13366
13374
13375
13376
13384
13385
13386
13394
13395
13396
13404
13405
13406
13414
13415
13416
13424
13425
13426
13434
13435
13445
13446
13454
13455
13456
13464
13465
13466
13474
13475
13476
13484
13494
13496
13504
13505
13506
13515
13516
13524
13534
13535
13536
13544
13545
13546
13554
13555
13556
13564
13565
13566
13574
13575
13584
13585
13594
13595
13596
13604
13605
13606
13614
13615
13616
13624
13625
13626
13634
13635
13636
13644
13645
13646
13654
13655
13664
13665
13666
13674
13676
13684
13685
13686
13694
13695
13696
13704
13705
13706
13714
13715
13716
13725
13726
13734
13735
13736
13744
13745
13746
13754
13755
13764
13765
13766
13774
13775
13776
13784
13785
13786
13794
13795
13796
13804
13805
13806
13814
13815
13816
13824
13825
13826
13834
13835
13836
13844
13845
13846
13855
13856
13864
13865
13875
13876
13884
13885
13894
13896
13904
13905
13906
13914
13915
13916
13925
13926
13934
13935
13945
13946
13954
13955
13956
13964
13966
13974
13975
13976
13984
13986
13994
13995
13996
14004
14005
14006
14014
14015
14016
14024
14026
14035
14036
14044
14045
14054
14055
14056
14064
14065
14066
14074
14075
14076
14084
14085
14086
14094
14095
14096
14104
14105
14106
14114
14115
14116
14124
14125
14126
14134
14135
14136
14144
14145
14146
14155
14165
14166
14174
14175
14176
14184
14185
14186
14194
14195
14196
14204
14205
14206
14214
14215
14216
14224
14225
14226
14234
14235
14236
14244
14245
14246
14254
14255
14256
14264
14265
14266
14274
14275
14276
14284
14285
14286
14294
14295
14296
14304
14305
14306
14314
14315
14316
14324
14325
14326
14334
14335
14336
14344
14345
14346
14355
14356
14364
14365
14366
14374
14375
14376
14384
14385
14394
14395
14396
14406
14414
14416
14424
14425
14426
14434
14435
14436
14444
14446
14454
14455
14456
14464
14465
14474
14475
14476
14484
14485
14486
14494
14495
14496
14504
14505
14506
14514
14524
14525
14526
14534
14535
14536
14544
14545
14546
14554
14555
14556
14564
14565
14566
14575
14576
14584
14585
14586
14594
14595
14596
14604
14605
14606
14614
14615
14616
14624
14625
14626
14634
14635
14636
14644
14645
14646
14654
14656
14664
14665
14666
14674
14675
14684
14685
14686
14694
14695
14696
14704
14705
14706
14714
14715
14716
14725
14726
14734
14735
14736
14744
14745
14746
14754
14755
14756
14764
14765
14766
14774
14776
14784
14785
14786
14794
14795
14796
14804
14805
14806
14814
14815
14816
14824
14825
14826
14834
14835
14836
14844
14846
14854
14855
14856
14864
14865
14874
14875
14876
14884
14885
14894
14895
14896
14904
14905
14906
14914
14915
14924
14925
14926
14934
14935
14936
14944
14945
14946
14954
14955
14965
14966
14974
14975
14976
14984
14985
14986
14994
14995
14996
15004
15005
15006
15014
15015
15016
15024
15025
15026
15034
15035
15036
15044
15045
15046
15054
15055
15064
15065
15066
15075
15076
15084
15085
15094
15095
15096
15104
15105
15106
15114
15115
15124
15125
15126
15134
15135
15136
15144
15145
15146
15154
15155
15164
15166
15174
15175
15176
15184
15185
15186
15194
15195
15196
15204
15214
15215
15216
15224
15225
15226
15234
15235
15236
15244
15245
15246
15255
15256
15264
15265
15266
15274
15275
15276
15285
15286
15295
15296
15304
15306
15314
15315
15316
15324
15325
15326
15334
15335
15336
15344
15345
15346
15354
15355
15356
15364
15365
15366
15374
15375
15376
15384
15385
15386
15394
15395
15396
15404
15405
15406
15414
15415
15416
15424
15425
15426
15434
15435
15436
15444
15445
15454
15455
15456
15464
15465
15466
15474
15475
15476
15484
15486
15494
15495
15496
15504
15505
15506
15514
15515
15516
15524
15525
15526
15534
15535
15536
15544
15545
15546
15554
15555
15556
15564
15565
15566
15574
15575
15576
15584
15585
15586
15594
15595
15596
15605
15606
15614
15616
15624
15625
15626
15634
15635
15636
15644
15645
15646
15654
15655
15664
15666
15674
15675
15676
15684
15685
15686
15695
15696
15704
15705
15706
15714
15715
15716
15724
15726
15734
15735
15736
15744
15745
15746
15754
15755
15756
15764
15765
15766
15774
15776
15784
15785
15786
15795
15796
15804
15805
15806
15814
15824
15825
15826
15834
15835
15836
15844
15846
15854
15855
15856
15864
15865
15866
15874
15875
15876
15884
15885
15894
15895
15896
15904
15905
15906
15914
15915
15916
15924
15925
15926
15934
15935
15936
15944
15945
15946
15954
15955
15956
15964
15966
15974
15975
15976
15984
15985
15986
15995
15996
16004
16005
16015
16016
16024
16025
16026
16034
16035
16036
16044
16045
16046
16054
16055
16056
16064
16065
16066
16074
16076
16084
16085
16086
16094
16095
16104
16106
16114
16115
16116
16124
16125
16126
16134
16135
16136
16145
16146
16154
16155
16156
16164
16165
16166
16174
16175
16176
16184
16185
16186
16194
16195
16196
16204
16205
16206
16214
16215
16216
16224
16225
16226
16234
16235
16236
16244
16245
16246
16254
16264
16265
16266
16274
16275
16276
16284
16285
16286
16294
16295
16296
16304
16305
16306
16314
16315
16316
16324
16325
16326
16334
16335
16336
16344
16345
16346
16354
16355
16356
16364
16365
16366
16374
16375
16376
16384
16385
16386
16394
16395
16396
16404
16405
16406
16414
16415
16416
16424
16425
16426
16434
16435
16436
16444
16446
16454
16455
16456
16464
16465
16466
16474
16475
16484
16485
16486
16494
16495
16496
16504
16505
16506
16514
16515
16516
16524
16525
16526
16534
16535
16536
16544
16545
16546
16554
16555
16556
16564
16565
16566
16574
16575
16576
16584
16585
16586
16594
16595
16596
16604
16605
16606
16614
16615
16616
16624
16625
16626
16634
16635
16636
16644
16645
16646
16654
16655
16656
16664
16665
16666
16674
16675
16676
16684
16685
16694
16695
16696
16704
16705
16706
16714
16716
16724
16725
16726
16734
16735
16744
16745
16746
16754
16755
16756
16764
16766
16774
16775
16776
16784
16785
16786
16794
16795
16796
16804
16805
16806
16814
16816
16824
16825
16826
16834
16836
16844
16846
16854
16855
16856
16864
16865
16866
16874
16875
16876
16884
16885
16886
16894
16895
16896
16904
16905
16906
16914
16915
16916
16924
16925
16926
16934
16935
16936
16944
16945
16946
16954
16955
16956
16964
16965
16966
16974
16975
16976
16984
16985
16986
16995
16996
17004
17005
17006
17014
17015
17016
17024
17025
17026
17034
17036
17044
17045
17046
17054
17055
17056
17064
17065
17066
17074
17075
17076
17084
17085
17086
17095
17096
17104
17105
17106
17114
17116
17124
17126
17134
17135
17136
17144
17145
17146
17154
17155
17156
17164
17165
17166
17174
17176
17185
17186
17194
17195
17196
17204
17205
17206
17214
17215
17216
17224
17225
17226
17234
17235
17236
17244
17245
17246
17254
17255
17256
17265
17274
17275
17276
17284
17285
17286
17294
17295
17296
17304
17305
17306
17314
17315
17316
17324
17325
17326
17334
17335
17336
17344
17345
17346
17354
17355
17356
17364
17365
17366
17374
17375
17376
17384
17385
17386
17394
17395
17404
17405
17406
17414
17415
17416
17424
17425
17426
17434
17435
17436
17444
17445
17446
17454
17455
17456
17464
17465
17466
17474
17475
17476
17484
17485
17486
17494
17495
17496
17504
17505
17506
17515
17516
17524
17525
17526
17534
17535
17536
17544
17545
17546
17554
17555
17556
17564
17565
17566
17574
17584
17585
17586
17594
17595
17596
17604
17605
17606
17614
17615
17616
17624
17625
17626
17634
17635
17636
17644
17645
17646
17654
17655
17656
17664
17665
17666
17674
17675
17676
17684
17685
17686
17694
17695
17696
17704
17705
17706
17714
17715
17716
17724
17725
17726
17734
17735
17736
17744
17745
17746
17754
17755
17756
17764
17765
17766
17774
17775
17776
17784
17785
17786
17794
17795
17796
17804
17805
17806
17814
17815
17816
17824
17825
17826
17834
17835
17836
17844
17845
17846
17854
17855
17856
17864
17865
17866
17874
17875
17876
17884
17885
17886
17894
17895
17896
17904
17905
17906
17914
17915
17916
17924
17925
17926
17934
17935
17936
17944
17945
17954
17955
17956
17964
17965
17966
17974
17975
17976
17985
17986
17994
17995
17996
18004
18005
18006
18014
18015
18016
18024
18025
18026
18034
18035
18036
18044
18045
18046
18054
18055
18056
18064
18065
18066
18074
18075
18084
18085
18086
18094
18095
18096
18104
18105
18106
18114
18115
18116
18124
18125
18126
18134
18135
18136
18144
18145
18146
18154
18155
18156
18164
18165
18166
18174
18175
18176
18184
18185
18186
18194
18195
18196
18205
18206
18214
18215
18216
18224
18225
18226
18234
18235
18236
18244
18245
18246
18254
18255
18256
18264
18265
18266
18274
18275
18276
18284
18285
18286
18294
18295
18296
18304
18305
18306
18314
18315
18316
18324
18325
18326
18334
18335
18336
18344
18345
18346
18354
18355
18356
18364
18365
18366
18374
18375
18376
18384
18386
18394
18395
18396
18404
18405
18406
18414
18415
18416
18424
18425
18426
18434
18435
18436
18445
18446
18454
18455
18456
18464
18465
18466
18474
18475
18476
18484
18485
18486
18494
18495
18496
18504
18505
18506
18514
18515
18516
18524
18525
18526
18534
18535
18536
18544
18545
18546
18554
18555
18556
18564
18565
18566
18574
18575
18576
18584
18585
18586
18594
18595
18596
18604
18605
18606
18614
18615
18616
18624
18625
18626
18634
18635
18644
18645
18646
18654
18655
18656
18664
18665
18666
18674
18675
18676
18684
18685
18686
18695
18696
18704
18705
18706
18714
18715
18716
18724
18725
18726
18734
18735
18736
18744
18746
18754
18755
18756
18766
18774
18775
18776
18784
18785
18786
18794
18795
18796
18804
18805
18806
18814
18815
18816
18824
18825
18826
18834
18835
18836
18844
18845
18846
18854
18855
18856
18864
18865
18866
18874
18875
18876
18884
18885
18886
18894
18895
18896
18904
18905
18906
18914
18915
18916
18924
18925
18926
18934
18935
18936
18944
18945
18946
18954
18955
18956
18964
18965
18966
18974
18975
18976
18984
18985
18986
18994
18995
18996
19004
19005
19006
19014
19015
19016
19024
19025
19026
19034
19035
19036
19044
19045
19046
19054
19055
19056
19064
19065
19066
19075
19076
19084
19085
19086
19094
19095
19096
19104
19105
19106
19114
19115
19116
19124
19125
19126
19134
19135
19136
19144
19145
19146
19154
19155
19156
19164
19165
19166
19174
19175
19184
19185
19186
19194
19195
19196
19204
19205
19206
19214
19215
19216
19224
19225
19226
19234
19235
19236
19244
19245
19246
19254
19255
19256
19264
19265
19266
19274
19275
19276
19284
19285
19286
19294
19295
19296
19304
19305
19306
19314
19315
19316
19324
19325
19326
19334
19335
19336
19344
19345
19346
19354
19355
19356
19364
19365
19366
19374
19376
19384
19385
19386
19395
19396
19404
19405
19406
19414
19415
19416
19424
19425
19426
19434
19435
19436
19444
19445
19446
19454
19455
19456
19464
19465
19466
19474
19476
19484
19485
19486
19494
19495
19496
19504
19505
19506
19514
19515
19516
19524
19525
19526
19534
19535
19536
19544
19545
19546
19554
19555
19556
19564
19565
19566
19574
19575
19576
19584
19585
19586
19594
19595
19596
19604
19605
19606
19614
19615
19616
19624
19625
19626
19634
19635
19636
19644
19645
19646
19654
19655
19656
19664
19665
19666
19674
19675
19676
19684
19685
19686
19694
19695
19696
19704
19705
19706
19714
19715
19716
19724
19725
19726
19734
19735
19736
19744
19745
19746
19754
19755
19756
19764
19765
19766
19774
19775
19776
19784
19785
19786
19794
19795
19796
19804
19805
19806
19814
19815
19816
19824
19825
19826
19834
19835
19836
19844
19845
19846
19854
19855
19856
19864
19865
19866
19874
19875
19876
19884
19885
19886
19894
19895
19896
19904
19905
19906
19914
19915
19916
19924
19925
19926
19934
19935
19936
19944
19945
19946
19954
19955
19956
19964
19965
19966
19974
19975
19976
19984
19985
19986
19994
19995
19996
20004
20005
20006
20014
20015
20016
20024
20025
20026
20034
20035
20036
20044
20045
20046
20054
20055
20056
20064
20065
20066
20074
20075
20076
20084
20085
20094
20095
20096
20104
20105
20106
20114
20115
20116
20124
20125
20126
20134
20135
20136
20144
20145
20146
20154
20155
20156
20164
20165
20166
20174
20175
20176
20184
20185
20186
20194
20195
20196
20204
20205
20206
20214
20215
20216
20224
20225
20226
20234
20235
20236
20244
20245
20246
20254
20255
20256
20264
20265
20266
20274
20275
20276
20284
20285
20286
20294
20295
20296
20304
20305
20306
20314
20315
20316
20324
20325
20326
20334
20335
20336
20344
20345
20346
20354
20355
20356
20364
20365
20366
20374
20375
20376
20384
20385
20386
20394
20395
20396
20404
20405
20406
20415
20416
20424
20425
20426
20434
20435
20436
20444
20445
20446
20454
20455
20456
20464
20465
20466
20474
20475
20476
20484
20485
20486
20494
20495
20496
20504
20505
20506
20514
20515
20516
20524
20525
20526
20534
20535
20536
20544
20546
20554
20555
20556
20564
20565
20566
20574
20575
20576
20584
20585
20586
20594
20595
20596
20604
20605
20606
20614
20615
20616
20624
20625
20626
20634
20635
20636
20644
20645
20646
20655
20656
20664
20665
20666
20674
20675
20684
20685
20686
20694
20695
20696
20704
20705
20706
20714
20715
20716
20724
20725
20726
20734
20735
20736
20744
20745
20746
20754
20755
20756
20764
20765
20766
20774
20775
20776
20784
20785
20786
20794
20795
20796
20804
20805
20806
20814
20815
20816
20824
20825
20826
20834
20835
20836
20844
20845
20846
20854
20855
20856
20864
20865
20866
20874
20875
20884
20885
20886
20894
20895
20896
20904
20905
20906
20914
20915
20916
20924
20925
20926
20934
20935
20936
20944
20945
20946
20954
20955
20956
20965
20966
20974
20975
20976
20984
20985
20986
20994
20995
20996
21004
21005
21006
21014
21015
21016
21024
21025
21026
21034
21035
21036
21044
21045
21046
21054
21055
21056
21064
21065
21066
21074
21075
21076
21084
21085
21086
21094
21095
21096
21104
21105
21106
21114
21115
21116
21124
21125
21126
21134
21135
21136
21144
21145
21146
21154
21155
21156
21164
21165
21166
21174
21175
21176
21184
21185
21186
21194
21195
21196
21204
21205
21206
21214
21215
21216
21224
21225
21226
21234
21235
21236
21244
21245
21246
21254
21255
21256
21265
21266
21274
21275
21276
21284
21285
21286
21294
21295
21296
21304
21305
21306
21314
21315
21316
21324
21325
21326
21334
21335
21336
21344
21345
21346
21354
21355
21356
21364
21365
21366
21374
21375
21376
21384
21385
21386
21394
21395
21396
21404
21405
21406
21414
21415
21416
21424
21425
21426
21434
21435
21436
21444
21445
21446
21454
21455
21456
21464
21465
21466
21474
21475
21476
21484
21485
21486
21494
21495
21496
21504
21505
21506
21514
21515
21516
21524
21525
21526
21534
21535
21536
21544
21545
21546
21554
21555
21556
21564
21565
21566
21574
21575
21576
21584
21585
21586
21594
21596
21604
21605
21606
21614
21615
21616
21624
21625
21626
21634
21635
21636
21644
21645
21646
21654
21655
21656
21664
21665
21666
21674
21675
21676
21684
21685
21686
21694
21695
21696
21704
21705
21706
21714
21715
21716
21724
21725
21726
21735
21736
21744
21745
21746
21754
21755
21756
21764
21765
21766
21774
21775
21776
21784
21785
21786
21794
21795
21796
21804
21805
21806
21814
21815
21816
21824
21825
21826
21834
21835
21836
21844
21845
21846
21854
21855
21856
21864
21865
21866
21874
21875
21876
21884
21885
21886
21894
21895
21896
21904
21905
21906
21914
21915
21916
21924
21925
21926
21934
21935
21936
21944
21945
21946
21954
21955
21956
21964
21965
21966
21974
21975
21976
21984
21985
21986
21994
21995
21996
22004
22005
22006
22014
22015
22016
22024
22025
22026
22034
22035
22036
22044
22045
22046
22054
22055
22056
22064
22065
22066
22074
22075
22076
22084
22085
22086
22094
22095
22096
22104
22106
22114
22115
22116
22124
22125
22126
22134
22135
22136
22144
22145
22146
22154
22155
22156
22164
22165
22166
22174
22175
22176
22184
22185
22186
22194
22195
22196
22204
22205
22206
22214
22215
22216
22224
22225
22226
22234
22235
22236
22244
22245
22246
22254
22255
22256
22264
22265
22266
22274
22275
22276
22284
22285
22286
22294
22295
22296
22304
22305
22306
22314
22315
22316
22324
22325
22326
22334
22335
22336
22344
22345
22346
22354
22355
22356
22364
22365
22366
22375
22376
22384
22385
22386
22394
22395
22396
22404
22405
22406
22414
22415
22416
22424
22425
22426
22434
22435
22436
22444
22445
22446
22454
22455
22456
22464
22465
22466
22474
22475
22476
22484
22485
22486
22494
22495
22496
22504
22505
22506
22514
22515
22516
22524
22525
22526
22534
22535
22536
22544
22545
22546
22554
22555
22556
22564
22565
22566
22574
22575
22576
22584
22585
22594
22595
22596
22604
22605
22606
22614
22615
22616
22624
22625
22626
22634
22635
22636
22644
22645
22646
22654
22655
22656
22664
22665
22666
22674
22675
22676
22684
22685
22686
22694
22695
22696
22704
22705
22706
22714
22715
22716
22724
22725
22726
22734
22735
22736
22744
22745
22746
22754
22755
22756
22764
22765
22766
22774
22775
22776
22784
22785
22786
22794
22795
22796
22804
22805
22806
22814
22815
22816
22824
22825
22826
22834
22835
22836
22844
22845
22846
22854
22855
22856
22864
22865
22866
22874
22875
22876
22884
22885
22886
22894
22895
22896
22904
22905
22906
22914
22915
22916
22924
22925
22926
22934
22935
22936
22944
22945
22946
22954
22955
22956
22964
22965
22966
22974
22975
22976
22984
22985
22986
22994
22995
22996
23004
23005
23006
23014
23015
23016
23024
23025
23026
23034
23035
23036
23044
23045
23046
23054
23055
23056
23064
23065
23066
23074
23075
23076
23084
23085
23086
23094
23095
23096
23104
23105
23106
23114
23115
23116
23124
23125
23126
23134
23135
23136
23144
23145
23146
23154
23155
23156
23164
23165
23166
23174
23175
23176
23184
23185
23186
23194
23195
23196
23204
23205
23206
23214
23215
23216
23224
23225
23226
23234
23235
23236
23244
23245
23246
23254
23255
23256
23264
23265
23266
23274
23275
23276
23284
23285
23286
23294
23295
23296
23304
23305
23306
23314
23315
23316
23324
23325
23326
23334
23335
23336
23344
23345
23346
23354
23355
23356
23364
23365
23366
23374
23375
23376
23384
23385
23386
23394
23395
23396
23404
23405
23406
23414
23415
23416
23424
23425
23426
23434
23435
23436
23444
23445
23446
23454
23455
23456
23464
23465
23466
23474
23475
23484
23485
23486
23494
23495
23496
23504
23505
23506
23514
23515
23516
23524
23525
23526
23534
23535
23536
23544
23545
23546
23554
23555
23556
23564
23565
23566
23574
23575
23576
23585
23586
23594
23595
23596
23604
23605
23606
23614
23615
23616
23624
23625
23626
23634
23635
23636
23644
23645
23646
23654
23655
23656
23664
23665
23666
23674
23675
23676
23684
23685
23686
23694
23695
23696
23704
23705
23706
23714
23715
23716
23724
23725
23726
23734
23735
23736
23744
23745
23746
23754
23755
23756
23764
23765
23766
23774
23775
23776
23784
23785
23786
23794
23795
23796
23804
23805
23806
23814
23815
23816
23824
23825
23826
23834
23835
23836
23844
23845
23846
23854
23855
23856
23864
23865
23866
23874
23875
23876
23884
23885
23886
23894
23895
23896
23904
23905
23906
23914
23915
23916
23924
23925
23926
23934
23935
23936
23944
23945
23946
23954
23955
23956
23964
23965
23966
23974
23975
23976
23984
23985
23986
23994
23995
23996
24004
24005
24006
24014
24015
24016
24024
24025
24026
24034
24035
24036
24044
24045
24046
24054
24055
24056
24064
24065
24066
24074
24075
24076
24084
24085
24086
24094
24095
24096
24104
24105
24106
24114
24115
24116
24124
24125
24126
24134
24135
24136
24144
24145
24146
24154
24155
24156
24164
24165
24166
24174
24175
24176
24184
24185
24186
24194
24195
24196
24204
24205
24206
24214
24215
24216
24224
24225
24226
24234
24235
24236
24244
24245
24246
24254
24255
24256
24264
24265
24266
24274
24275
24276
24284
24285
24286
24294
24295
24296
24304
24305
24306
24314
24315
24324
24325
24326
24334
24335
24336
24344
24345
24346
24354
24355
24356
24364
24365
24366
24374
24375
24376
24384
24385
24386
24394
24395
24396
24404
24405
24406
24414
24415
24416
24424
24425
24426
24434
24435
24436
24444
24445
24446
24454
24455
24456
24464
24465
24466
24474
24475
24476
24484
24485
24486
24494
24495
24496
24504
24505
24506
24514
24515
24516
24524
24525
24526
24534
24535
24536
24544
24545
24546
24554
24555
24556
24564
24565
24566
24574
24575
24576
24584
24585
24586
24594
24595
24596
24604
24605
24606
24614
24615
24616
24624
24625
24626
24634
24635
24636
24644
24645
24646
24654
24655
24656
24664
24665
24666
24674
24675
24676
24684
24685
24686
24694
24695
24696
24704
24705
24706
24714
24715
24724
24725
24726
24734
24735
24736
24744
24745
24746
24754
24755
24756
24764
24765
24766
24774
24775
24776
24784
24785
24786
24794
24795
24796
24804
24805
24806
24814
24815
24816
24824
24825
24826
24834
24835
24836
24844
24845
24846
24854
24855
24856
24864
24865
24866
24874
24875
24876
24884
24885
24886
24894
24895
24896
24904
24905
24906
24914
24915
24916
24924
24925
24926
24934
24935
24936
24944
24945
24946
24954
24955
24956
24964
24965
24966
24974
24975
24976
24984
24985
24986
24994
24995
24996
